# Created by Octave 4.4.0, Thu May 31 20:17:17 2018 GMT <unknown@SAKI-PC>
# name: sz
# type: matrix
# rows: 1
# columns: 2
 3 2


